 -1.03    1.12079462
 -0.92    1.07494831
 -1.00    1.10032304
 -0.96    0.84766580
 -1.02    0.88645981
 -0.83    0.81325067
 -0.93    0.72464906
 -0.86    0.95145976
 -0.79    0.85325727
 -0.84    0.73318707
 -0.82    0.62218400
 -0.74    0.78679466
 -0.83    0.64951273
 -0.81    0.75656656
 -0.78    0.70735632
 -0.64    0.71479367
 -0.69    0.73781337
 -0.60    0.64821357
 -0.59    0.46503524
 -0.61    0.51583008
 -0.67    0.69845106
 -0.55    0.65271624
 -0.48    0.70508508
 -0.49    0.67397385
 -0.48    0.39880596
 -0.49    0.33167363
 -0.54    0.28167239
 -0.43    0.47192283
 -0.45    0.35055661
 -0.31    0.21195492
 -0.35    0.38541773
 -0.40    0.43328541
 -0.30    0.31754916
 -0.47    0.33001998
 -0.34    0.20302984
 -0.27    0.25326717
 -0.31    0.25936983
 -0.19    0.24441093
 -0.16    0.34511346
 -0.20    0.34180440
 -0.26    0.32259885
 -0.14    0.25691601
 -0.10    0.29547634
 -0.09    0.26812506
 -0.19    0.37538903
 -0.12    0.29997753
 -0.09    0.27235306
 -0.06    0.27891906
 -0.05    0.38076078
 -0.02    0.35935187
  0.00    0.06425368
 -0.03    0.41819123
  0.01    0.30308155
  0.03    0.33383033
  0.00    0.16582608
  0.20    0.44481763
  0.12    0.22548525
  0.12    0.34921788
  0.15    0.32768301
  0.17    0.31295349
  0.11    0.31691111
  0.23    0.36950220
  0.28    0.30149231
  0.28    0.43981290
  0.24    0.28136414
  0.30    0.35803120
  0.27    0.36708575
  0.33    0.45409940
  0.44    0.35665380
  0.47    0.52592270
  0.39    0.32055989
  0.46    0.49267129
  0.52    0.45268480
  0.48    0.56439443
  0.51    0.50888460
  0.56    0.52943514
  0.48    0.56244744
  0.54    0.61299832
  0.56    0.51656711
  0.62    0.42549202
  0.57    0.63614434
  0.66    0.64724920
  0.67    0.60590473
  0.68    0.68990831
  0.84    0.68268927
  0.78    0.62454893
  0.87    0.73747850
  0.80    0.77242325
  0.76    0.87174013
  0.79    0.63675505
  0.75    0.70285245
  0.83    0.93345977
  0.84    0.73208454
  0.91    0.85357162
  0.97    0.82655298
  0.84    0.89090479
  0.95    0.79128748
  1.06    1.08254831
  0.96    1.09159582
  0.95    1.18831638
