  1.02   -0.01105071
  0.95   -0.08648316
  1.04    0.13907966
  0.99    0.23189014
  0.98    0.05196534
  1.03    0.25916189
  1.04    0.23757153
  0.99    0.38370943
  1.01    0.33401258
  0.97    0.24238130
  0.93    0.36473605
  0.96    0.54948269
  0.88    0.59474730
  0.86    0.73456191
  0.89    0.59146851
  0.79    0.82512759
  0.78    0.75770636
  0.72    0.71907508
  0.76    0.93745877
  0.61    0.85804893
  0.76    0.87992896
  0.55    0.80896428
  0.53    0.98442422
  0.48    1.12960682
  0.39    1.20250586
  0.43    1.05522486
  0.39    1.01732163
  0.25    1.12322449
  0.27    1.19756559
  0.24    1.15253523
  0.09    1.17231646
  0.17    1.10401993
  0.07    1.21353046
  0.02    1.22682551
  0.03    1.11694988
 -0.04    1.11810129
 -0.17    1.22738846
 -0.19    1.13244339
 -0.30    1.20129019
 -0.25    1.10852504
 -0.34    0.97311590
 -0.52    1.16409506
 -0.47    1.19934206
 -0.59    1.10899258
 -0.60    1.04893840
 -0.63    0.92242060
 -0.75    1.02488948
 -0.75    1.04241355
 -0.76    0.62938900
 -0.88    1.00169736
 -0.92    0.83720300
 -0.91    0.83357900
 -0.96    0.78604126
 -1.04    0.80274862
 -1.06    0.76890878
 -1.08    0.83933551
 -1.13    0.57060287
 -1.27    0.60414986
 -1.12    0.65719152
 -1.21    0.42682416
 -1.27    0.47906220
 -1.24    0.34357441
 -1.30    0.32498230
 -1.33    0.28662545
 -1.31    0.09388135
 -1.36    0.07387139
 -1.43   -0.01821438
 -1.27   -0.11125283
 -1.39   -0.21388238
 -1.30   -0.26602416
 -1.38   -0.35737741
 -1.38   -0.21240972
 -1.26   -0.37901791
 -1.31   -0.46600386
 -1.34   -0.37786626
 -1.23   -0.68718240
 -1.30   -0.53084495
 -1.29   -0.83211260
 -1.24   -0.63888643
 -1.18   -0.83643948
 -1.08   -0.68747676
 -1.04   -0.86211070
 -1.02   -0.96905535
 -1.01   -1.33253681
 -0.93   -0.98809330
 -0.91   -0.95816503
 -0.78   -1.31834841
 -0.75   -1.18514952
 -0.71   -1.16482484
 -0.72   -1.29690077
 -0.68   -1.32403605
 -0.55   -1.38880157
 -0.47   -1.37503267
 -0.45   -1.49944152
 -0.38   -1.38271950
 -0.29   -1.60291693
 -0.31   -1.42089007
 -0.17   -1.29002513
 -0.18   -1.57729387
 -0.03   -1.46099904
 -0.00   -1.53000575
  0.22   -1.44369067
  0.22   -1.50228311
  0.14   -1.38776940
  0.46   -1.49301245
  0.36   -1.51090138
  0.48   -1.48597074
  0.59   -1.41224143
  0.56   -1.35048685
  0.66   -1.36590824
  0.62   -1.33874562
  0.82   -1.34423323
  0.88   -1.44363689
  1.06   -1.15881820
  1.00   -1.38311778
  1.03   -1.25718470
  1.18   -0.95197934
  1.14   -1.00859224
  1.14   -1.06542134
  1.25   -0.94940572
  1.30   -0.92044709
  1.40   -0.83324351
  1.39   -0.84347613
  1.40   -0.58834622
  1.41   -0.69570858
  1.55   -0.56310341
  1.54   -0.51076429
  1.63   -0.39681775
  1.50   -0.46099725
  1.58   -0.38358822
  1.64   -0.22946413
  1.66   -0.17090843
  1.58    0.07554572
  1.76    0.04624960
  1.67    0.07845015
  1.68    0.03438724
  1.67    0.39142322
  1.62    0.29528669
  1.75    0.63636061
  1.55    0.59832662
  1.63    0.43212472
  1.63    0.55867188
  1.54    0.74646498
  1.60    0.86057201
  1.52    0.97169846
  1.44    1.01004420
  1.35    0.89464808
  1.42    1.05134741
  1.33    1.29541524
  1.23    1.14948461
  1.15    1.21848457
  1.12    1.29717708
  1.14    1.49996995
  0.99    1.48069536
  0.87    1.55561440
  0.77    1.63162691
  0.80    1.72148658
  0.73    1.69995881
  0.68    1.73237627
  0.59    1.61285293
  0.49    1.89268657
  0.48    1.84688633
  0.27    1.88495628
  0.26    1.86453842
  0.21    1.68829080
  0.17    1.84168649
 -0.03    1.71579301
 -0.07    1.77377644
 -0.22    1.81453351
 -0.28    1.75890088
 -0.41    1.64677818
 -0.44    1.86637154
 -0.58    1.64321831
 -0.65    1.83034243
 -0.70    1.88411463
 -0.73    1.72289209
 -0.83    1.65671864
 -0.85    1.50521233
 -1.09    1.64972232
 -1.14    1.61170730
 -1.15    1.52074661
 -1.15    1.50816641
 -1.35    1.46809622
 -1.38    1.41407134
 -1.42    1.39488442
 -1.56    1.19737596
 -1.63    1.31495390
 -1.71    1.27142614
 -1.62    1.00021710
 -1.74    0.82764925
 -1.76    0.93707157
 -1.81    0.54580576
 -1.81    0.84521725
 -1.78    0.54063967
 -1.89    0.51438358
 -1.98    0.33593716
 -2.01    0.21807718
 -1.97    0.13556845
 -1.93   -0.01414478
 -2.08   -0.05168503
